# relative_time, cycles_done, cur_item, corpus_count, pending_total, pending_favs, map_size, saved_crashes, saved_hangs, max_depth, execs_per_sec, total_execs, edges_found
61, 26, 2, 4, 0, 0, 43.75%, 2, 0, 2, 1208.03, 59759, 7
66, 28, 0, 4, 0, 0, 43.75%, 2, 0, 2, 283.76, 62902, 7
71, 30, 3, 4, 0, 0, 43.75%, 2, 0, 2, 1439.94, 66899, 7
76, 31, 2, 4, 0, 0, 43.75%, 2, 0, 2, 255.10, 69493, 7
81, 32, 3, 4, 0, 0, 43.75%, 2, 0, 2, 258.37, 72094, 7
86, 35, 0, 4, 0, 0, 43.75%, 2, 0, 2, 1260.77, 77089, 7
91, 38, 0, 4, 0, 0, 43.75%, 2, 0, 2, 1866.44, 83188, 7
97, 41, 0, 4, 0, 0, 43.75%, 2, 0, 2, 1029.51, 88881, 7
102, 42, 0, 4, 0, 0, 43.75%, 2, 0, 2, 217.75, 90761, 7
107, 45, 0, 4, 0, 0, 43.75%, 2, 0, 2, 332.10, 98454, 7
112, 46, 0, 4, 0, 0, 43.75%, 2, 0, 2, 462.03, 100812, 7
117, 47, 0, 4, 0, 0, 43.75%, 2, 0, 2, 198.60, 102861, 7
122, 48, 0, 4, 0, 0, 43.75%, 2, 0, 2, 138.99, 104450, 7
127, 49, 0, 4, 0, 0, 43.75%, 2, 0, 2, 178.78, 106308, 7
132, 51, 0, 4, 0, 0, 43.75%, 2, 0, 2, 396.25, 110639, 7
138, 53, 0, 4, 0, 0, 43.75%, 2, 0, 2, 149.66, 116958, 7
143, 54, 0, 4, 0, 0, 43.75%, 2, 0, 2, 2086.81, 119434, 7
148, 56, 0, 4, 0, 0, 43.75%, 2, 0, 2, 602.72, 122633, 7
153, 60, 0, 4, 0, 0, 43.75%, 2, 0, 2, 1403.29, 130916, 7
158, 60, 0, 4, 0, 0, 43.75%, 2, 0, 2, 198.84, 132681, 7
163, 62, 0, 4, 0, 0, 43.75%, 2, 0, 2, 1047.92, 135958, 7
168, 64, 0, 4, 0, 0, 43.75%, 2, 0, 2, 1263.89, 141736, 7
174, 66, 0, 4, 0, 0, 43.75%, 2, 0, 2, 1259.09, 145926, 7
179, 69, 0, 4, 0, 0, 43.75%, 2, 0, 2, 1402.07, 152765, 7
184, 71, 0, 4, 0, 0, 43.75%, 2, 0, 2, 2078.76, 156634, 7
189, 73, 0, 4, 0, 0, 43.75%, 2, 0, 2, 146.08, 161542, 7
194, 75, 0, 4, 0, 0, 43.75%, 2, 0, 2, 2297.69, 165888, 7
199, 77, 0, 4, 0, 0, 43.75%, 2, 0, 2, 2118.82, 170360, 7
204, 77, 0, 4, 0, 0, 43.75%, 2, 0, 2, 214.17, 171566, 7
209, 79, 0, 4, 0, 0, 43.75%, 2, 0, 2, 2187.86, 176094, 7
214, 80, 0, 4, 0, 0, 43.75%, 2, 0, 2, 288.59, 178115, 7
220, 81, 0, 4, 0, 0, 43.75%, 2, 0, 2, 292.78, 180620, 7
225, 85, 0, 4, 0, 0, 43.75%, 2, 0, 2, 1521.39, 187090, 7
230, 87, 0, 4, 0, 0, 43.75%, 2, 0, 2, 2188.34, 191904, 7
235, 89, 0, 4, 0, 0, 43.75%, 2, 0, 2, 488.80, 194979, 7
240, 90, 0, 4, 0, 0, 43.75%, 2, 0, 2, 214.78, 198777, 7
245, 91, 0, 4, 0, 0, 43.75%, 2, 0, 2, 189.18, 200646, 7
250, 93, 2, 4, 0, 0, 43.75%, 2, 0, 2, 243.59, 204003, 7
255, 95, 3, 4, 0, 0, 43.75%, 2, 0, 2, 1973.29, 209117, 7
260, 96, 0, 4, 0, 0, 43.75%, 2, 0, 2, 180.06, 212040, 7
265, 99, 0, 4, 0, 0, 43.75%, 2, 0, 2, 220.96, 217030, 7
271, 100, 0, 4, 0, 0, 43.75%, 2, 0, 2, 235.01, 219312, 7
276, 102, 0, 4, 0, 0, 43.75%, 2, 0, 2, 1870.07, 224346, 7
281, 104, 0, 4, 0, 0, 43.75%, 2, 0, 2, 1901.30, 230292, 7
286, 106, 0, 4, 0, 0, 43.75%, 2, 0, 2, 205.32, 233595, 7
291, 108, 3, 4, 0, 0, 43.75%, 2, 0, 2, 2363.49, 238025, 7
296, 110, 0, 4, 0, 0, 43.75%, 2, 0, 2, 176.82, 241311, 7
301, 111, 0, 4, 0, 0, 43.75%, 2, 0, 2, 2020.82, 244935, 7
306, 113, 0, 4, 0, 0, 43.75%, 2, 0, 2, 206.18, 247873, 7
311, 114, 0, 4, 0, 0, 43.75%, 2, 0, 2, 1683.52, 250677, 7
316, 115, 0, 4, 0, 0, 43.75%, 2, 0, 2, 288.43, 252563, 7
322, 118, 0, 4, 0, 0, 43.75%, 2, 0, 2, 722.97, 257436, 7
327, 120, 0, 4, 0, 0, 43.75%, 2, 0, 2, 242.86, 262716, 7
332, 121, 0, 4, 0, 0, 43.75%, 2, 0, 2, 1808.88, 265179, 7
337, 124, 0, 4, 0, 0, 43.75%, 2, 0, 2, 257.84, 269441, 7
342, 126, 0, 4, 0, 0, 43.75%, 2, 0, 2, 221.94, 273902, 7
347, 127, 0, 4, 0, 0, 43.75%, 2, 0, 2, 326.99, 275736, 7
352, 129, 0, 4, 0, 0, 43.75%, 2, 0, 2, 350.97, 280409, 7
357, 129, 0, 4, 0, 0, 43.75%, 2, 0, 2, 395.19, 282454, 7
362, 133, 0, 4, 0, 0, 43.75%, 2, 0, 2, 512.04, 288833, 7
368, 135, 0, 4, 0, 0, 43.75%, 2, 0, 2, 162.60, 293997, 7
373, 137, 0, 4, 0, 0, 43.75%, 2, 0, 2, 1284.89, 299484, 7
378, 140, 0, 4, 0, 0, 43.75%, 2, 0, 2, 1052.79, 304568, 7
383, 141, 0, 4, 0, 0, 43.75%, 2, 0, 2, 198.80, 306879, 7
388, 144, 0, 4, 0, 0, 43.75%, 2, 0, 2, 272.76, 311561, 7
393, 146, 0, 4, 0, 0, 43.75%, 2, 0, 2, 174.07, 316092, 7
398, 148, 0, 4, 0, 0, 43.75%, 2, 0, 2, 1998.59, 321745, 7
403, 151, 0, 4, 0, 0, 43.75%, 2, 0, 2, 1325.16, 327795, 7
408, 152, 0, 4, 0, 0, 43.75%, 2, 0, 2, 1855.72, 330295, 7
413, 154, 0, 4, 0, 0, 43.75%, 2, 0, 2, 277.64, 335891, 7
418, 156, 0, 4, 0, 0, 43.75%, 2, 0, 2, 2175.00, 339180, 7
424, 160, 0, 4, 0, 0, 43.75%, 2, 0, 2, 200.60, 346486, 7
429, 162, 0, 4, 0, 0, 43.75%, 2, 0, 2, 1252.77, 352976, 7
434, 164, 0, 4, 0, 0, 43.75%, 2, 0, 2, 235.12, 356873, 7
439, 165, 0, 4, 0, 0, 43.75%, 2, 0, 2, 248.06, 359443, 7
444, 167, 0, 4, 0, 0, 43.75%, 2, 0, 2, 498.77, 362717, 7
449, 170, 0, 4, 0, 0, 43.75%, 2, 0, 2, 998.36, 368700, 7
454, 172, 0, 4, 0, 0, 43.75%, 2, 0, 2, 1169.48, 373579, 7
459, 174, 0, 4, 0, 0, 43.75%, 2, 0, 2, 228.08, 376218, 7
465, 175, 0, 4, 0, 0, 43.75%, 2, 0, 2, 197.91, 379953, 7
470, 178, 0, 4, 0, 0, 43.75%, 2, 0, 2, 1663.41, 384542, 7
475, 180, 0, 4, 0, 0, 43.75%, 2, 0, 2, 222.11, 388922, 7
480, 181, 3, 4, 0, 0, 43.75%, 2, 0, 2, 1807.85, 391370, 7
485, 183, 0, 4, 0, 0, 43.75%, 2, 0, 2, 1706.97, 396233, 7
490, 185, 0, 4, 0, 0, 43.75%, 2, 0, 2, 224.39, 400683, 7
495, 187, 0, 4, 0, 0, 43.75%, 2, 0, 2, 158.45, 405588, 7
500, 189, 2, 4, 0, 0, 43.75%, 2, 0, 2, 1285.69, 410844, 7
506, 192, 0, 4, 0, 0, 43.75%, 2, 0, 2, 472.79, 415743, 7
511, 192, 0, 4, 0, 0, 43.75%, 2, 0, 2, 444.68, 417912, 7
516, 194, 0, 4, 0, 0, 43.75%, 2, 0, 2, 383.51, 420704, 7
521, 194, 0, 4, 0, 0, 43.75%, 2, 0, 2, 254.88, 421813, 7
526, 197, 0, 4, 0, 0, 43.75%, 2, 0, 2, 1145.54, 427764, 7
531, 198, 0, 4, 0, 0, 43.75%, 2, 0, 2, 1050.07, 430498, 7
536, 200, 0, 4, 0, 0, 43.75%, 2, 0, 2, 2320.00, 433624, 7
541, 201, 0, 4, 0, 0, 43.75%, 2, 0, 2, 1605.00, 436808, 7
546, 203, 0, 4, 0, 0, 43.75%, 2, 0, 2, 166.38, 441234, 7
551, 203, 0, 4, 0, 0, 43.75%, 2, 0, 2, 238.61, 442686, 7
557, 207, 0, 4, 0, 0, 43.75%, 2, 0, 2, 1601.87, 448589, 7
562, 210, 0, 4, 0, 0, 43.75%, 2, 0, 2, 1222.45, 455522, 7
567, 211, 0, 4, 0, 0, 43.75%, 2, 0, 2, 221.01, 458047, 7
572, 212, 0, 4, 0, 0, 43.75%, 2, 0, 2, 197.82, 459396, 7
577, 213, 0, 4, 0, 0, 43.75%, 2, 0, 2, 1934.31, 462557, 7
582, 216, 3, 4, 0, 0, 43.75%, 2, 0, 2, 191.44, 469614, 7
587, 219, 0, 4, 0, 0, 43.75%, 2, 0, 2, 151.52, 475550, 7
592, 223, 0, 4, 0, 0, 43.75%, 2, 0, 2, 1391.47, 482070, 7
597, 225, 0, 4, 0, 0, 43.75%, 2, 0, 2, 193.47, 486267, 7
603, 225, 0, 4, 0, 0, 43.75%, 2, 0, 2, 46.47, 487739, 7
608, 226, 0, 4, 0, 0, 43.75%, 2, 0, 2, 52.37, 488010, 7
613, 226, 0, 4, 0, 0, 43.75%, 2, 0, 2, 53.36, 488281, 7
618, 226, 0, 4, 0, 0, 43.75%, 2, 0, 2, 165.41, 488691, 7
623, 226, 0, 4, 0, 0, 43.75%, 2, 0, 2, 187.00, 489600, 7
628, 227, 0, 4, 0, 0, 43.75%, 2, 0, 2, 72.37, 491086, 7
630, 227, 0, 4, 0, 0, 43.75%, 2, 0, 2, 85.48, 491207, 7
